eye 50 50 75
look 50 50 10
up 0 1 0
d -5
bounds -3.6 3.6 -3.6 3.6
res 512 512
recursionlevel 8
ambient 0.2 0.2 0.2
light 10 10 100 1 0.5 0.5 0.5
light 90 90 100 1 0.5 0.5 0.5
sphere 50 50 20 18 0.2 0.2 0.2 0.0 0.0 0.0 0.5 0.5 0.5 0.9 0.9 0.9 2
sphere 32 68 42 9 0.7 0.6 0.2 0.7 0.6 0.2 0.5 0.5 0.5 0.9 0.9 0.9 2
sphere 68 32 42 9 0.2 0.7 0.2 0.2 0.7 0.2 0.5 0.5 0.5 0.9 0.9 0.9 2
sphere 68 68 30 9 0.7 0.2 0.2 0.7 0.2 0.2 0.5 0.5 0.5 0.9 0.9 0.9 2
sphere 32 32 30 9 0.2 0.2 0.7 0.2 0.2 0.7 0.5 0.5 0.5 0.9 0.9 0.9 2
sphere 60 68 42 9 0.7 0.2 0.6 0.7 0.2 0.6 0.5 0.5 0.5 0.9 0.9 0.9 2
sphere 40 32 42 9 0.5 0.5 0.5 0.7 0.5 0.5 0.5 0.5 0.5 0.9 0.9 0.9 2
model 1 0 0 15 2 27 45 42 0 cube0.obj
model 1 0 0 -15 2 65 45 42 0 cube1.obj
sphere 50 50 18 10 0.7 0.2 0.2 0.7 0.2 0.2 0.5 0.5 0.5 0.9 0.9 0.9 2
